55401
55402
55403
55404
55405
55406
55407
55408
55409
55410
55411
55412
55413
55414
55415
55416
55417
55418
55419
55420
55421
55422
55423
55424
55425
55426
55427
55428
55429
55430
55431
55432
55433
55434
55435
55436
55437
55438
55439
55440
55441
55442
55443
55444
55445
55446
55447
55448
55449
55450
55454
55455
55458
55459
55460
55467
55470
55472
55473
55474
55478
55479
55480
55483
55484
55485
55486
55487
55488
55101
55102
55103
55104
55105
55106
55107
55108
55109
55110
55111
55112
55113
55114
55115
55116
55117
55118
55119
55120
55121
55122
55123
55124
55125
55126
55127
55128
55129
55130
55131
55133
55144
55145
55146
55155
55164
55165
55170
55172
55175
55187
55188
55901
55902
55903
55904
55905
55906
55801
55802
55803
55804
55805
55806
55807
55808
55810
55811
55812
55814
55815
55816
56301
56302
56303
56304
56372
56393
56395
56396
56397
56398
56399
55311
55344
55346
55347
55345
55306
55337
55044
55379
56001
56002
56003
56560
56561
56562
56563
55076
55077
55304
55016
55378
55372
55082
55083
55318
55316
55024
56007
55021
55746
55747
55987
55060
56258
55912
56401
56601
56619
56308
55071
56345
55033
55057
55303
55330
55025
55068
55001
55002
55003
55005
55006
55007
55008
55009
55010
55011
